# BRON: KONINKLIJK NEDERLANDS METEOROLOGISCH INSTITUUT (KNMI)				
# Opmerking: door stationsverplaatsingen en veranderingen in waarneemmethodieken zijn deze tijdreeksen van dagwaarden mogelijk inhomogeen! Dat betekent dat deze reeks van gemeten waarden niet geschikt is voor trendanalyse. Voor studies naar klimaatverandering verwijzen we naar de gehomogeniseerde reeks maandtemperaturen van De Bilt <http://www.knmi.nl/kennis-en-datacentrum/achtergrond/gehomogeniseerde-reeks-maandtemperaturen-de-bilt> of de Centraal Nederland Temperatuur <http://www.knmi.nl/kennis-en-datacentrum/achtergrond/centraal-nederland-temperatuur-cnt>.				
# 				
# 				
# STN      LON(east)   LAT(north)     ALT(m)  NAME				
# 251:         5.346       53.392       0.70  HOORN (TERSCHELLING)				
# 290:         6.891       52.274      34.80  TWENTHE				
# 380:         5.762       50.906     114.30  MAASTRICHT				
# 				
# YYYYMMDD = Datum (YYYY=jaar MM=maand DD=dag); 				
# TG       = Etmaalgemiddelde temperatuur (in 0.1 graden Celsius); 				
# TN       = Minimum temperatuur (in 0.1 graden Celsius); 				
# TX       = Maximum temperatuur (in 0.1 graden Celsius); 				
# 				
city	date	average	minimum	maximum
				
251	20150101	59	52	68
251	20150102	77	65	105
251	20150103	63	55	72
251	20150104	55	24	79
251	20150105	51	31	63
251	20150106	46	30	73
251	20150107	51	14	71
251	20150108	69	48	85
251	20150109	84	59	107
251	20150110	83	54	111
251	20150111	64	24	76
251	20150112	77	51	91
251	20150113	65	17	91
251	20150114	45	27	59
251	20150115	69	49	85
251	20150116	59	40	77
251	20150117	37	5	58
251	20150118	31	9	42
251	20150119	18	-24	68
251	20150120	19	10	35
251	20150121	6	-1	20
251	20150122	0	-23	21
251	20150123	1	-18	28
251	20150124	43	-1	68
251	20150125	53	41	65
251	20150126	59	45	77
251	20150127	56	17	76
251	20150128	51	32	62
251	20150129	25	3	45
251	20150130	20	-21	50
251	20150131	22	-5	56
251	20150201	35	15	63
251	20150202	35	15	59
251	20150203	39	17	61
251	20150204	19	-10	40
251	20150205	3	-17	14
251	20150206	4	-32	26
251	20150207	46	-17	65
251	20150208	57	50	69
251	20150209	61	55	72
251	20150210	60	50	71
251	20150211	41	32	55
251	20150212	30	24	39
251	20150213	43	21	64
251	20150214	50	31	75
251	20150215	21	6	35
251	20150216	4	-22	26
251	20150217	35	-5	75
251	20150218	41	-4	75
251	20150219	39	22	53
251	20150220	44	35	63
251	20150221	34	11	61
251	20150222	34	-2	64
251	20150223	52	21	74
251	20150224	55	39	78
251	20150225	39	1	63
251	20150226	50	22	67
251	20150227	45	5	72
251	20150228	49	26	63
251	20150301	68	52	83
251	20150302	51	32	75
251	20150303	39	18	63
251	20150304	55	37	76
251	20150305	61	42	86
251	20150306	66	55	86
251	20150307	74	58	93
251	20150308	74	52	96
251	20150309	64	5	89
251	20150310	65	32	87
251	20150311	43	-20	89
251	20150312	63	33	104
251	20150313	38	13	64
251	20150314	46	26	57
251	20150315	55	39	78
251	20150316	72	51	114
251	20150317	67	32	130
251	20150318	62	27	88
251	20150319	65	45	88
251	20150320	50	42	63
251	20150321	61	42	90
251	20150322	37	-1	58
251	20150323	54	31	82
251	20150324	66	54	88
251	20150325	53	46	61
251	20150326	52	11	70
251	20150327	59	6	86
251	20150328	67	5	88
251	20150329	76	55	91
251	20150330	67	54	82
251	20150331	73	40	96
251	20150401	58	30	79
251	20150402	57	19	78
251	20150403	58	17	90
251	20150404	54	35	79
251	20150405	59	22	82
251	20150406	67	15	114
251	20150407	59	6	94
251	20150408	73	50	102
251	20150409	75	40	124
251	20150410	83	29	129
251	20150411	90	59	121
251	20150412	90	66	115
251	20150413	74	38	104
251	20150414	105	76	129
251	20150415	103	68	145
251	20150416	73	39	106
251	20150417	74	51	98
251	20150418	74	57	95
251	20150419	81	49	119
251	20150420	82	37	119
251	20150421	79	61	99
251	20150422	81	68	105
251	20150423	67	9	103
251	20150424	95	7	135
251	20150425	106	89	114
251	20150426	68	27	91
251	20150427	52	-19	89
251	20150428	68	-24	101
251	20150429	88	58	126
251	20150430	85	54	119
251	20150501	77	48	103
251	20150502	72	18	105
251	20150503	102	58	136
251	20150504	125	102	150
251	20150505	140	118	182
251	20150506	120	94	145
251	20150507	104	72	130
251	20150508	127	76	160
251	20150509	117	87	141
251	20150510	117	76	157
251	20150511	149	120	194
251	20150512	121	90	156
251	20150513	107	83	133
251	20150514	87	57	104
251	20150515	77	27	101
251	20150516	104	53	133
251	20150517	111	90	135
251	20150518	106	84	126
251	20150519	100	57	128
251	20150520	96	42	128
251	20150521	116	85	144
251	20150522	135	110	167
251	20150523	102	74	123
251	20150524	109	36	150
251	20150525	107	90	132
251	20150526	101	54	128
251	20150527	124	84	165
251	20150528	120	91	144
251	20150529	115	87	144
251	20150530	104	54	138
251	20150531	118	90	138
251	20150601	122	84	153
251	20150602	137	115	154
251	20150603	121	52	155
251	20150604	131	32	184
251	20150605	175	120	243
251	20150606	141	114	166
251	20150607	119	64	153
251	20150608	116	95	139
251	20150609	108	91	131
251	20150610	124	92	152
251	20150611	134	84	175
251	20150612	174	117	233
251	20150613	151	125	185
251	20150614	122	95	141
251	20150615	114	85	145
251	20150616	116	51	151
251	20150617	146	92	179
251	20150618	131	114	156
251	20150619	125	106	155
251	20150620	127	106	154
251	20150621	135	99	181
251	20150622	122	80	153
251	20150623	122	109	143
251	20150624	137	87	182
251	20150625	165	128	207
251	20150626	172	121	217
251	20150627	150	82	186
251	20150628	153	77	201
251	20150629	158	92	200
251	20150630	182	86	235
251	20150701	230	151	301
251	20150702	230	185	314
251	20150703	203	164	242
251	20150704	211	154	275
251	20150705	183	139	229
251	20150706	168	130	195
251	20150707	188	137	233
251	20150708	152	125	184
251	20150709	132	86	163
251	20150710	160	101	197
251	20150711	183	132	236
251	20150712	168	139	197
251	20150713	167	112	200
251	20150714	157	104	177
251	20150715	158	111	190
251	20150716	170	153	201
251	20150717	187	154	221
251	20150718	164	120	196
251	20150719	156	102	194
251	20150720	169	85	210
251	20150721	187	167	217
251	20150722	181	153	211
251	20150723	157	109	194
251	20150724	172	93	205
251	20150725	159	128	213
251	20150726	148	125	190
251	20150727	160	135	184
251	20150728	153	134	183
251	20150729	137	118	163
251	20150730	140	120	166
251	20150731	139	79	173
251	20150801	156	114	191
251	20150802	178	125	217
251	20150803	194	149	248
251	20150804	177	160	197
251	20150805	184	160	216
251	20150806	193	131	257
251	20150807	178	113	220
251	20150808	157	102	186
251	20150809	175	103	219
251	20150810	188	151	224
251	20150811	183	149	210
251	20150812	169	146	196
251	20150813	191	145	222
251	20150814	201	177	238
251	20150815	186	166	207
251	20150816	156	133	171
251	20150817	166	135	181
251	20150818	168	152	184
251	20150819	173	140	199
251	20150820	190	153	224
251	20150821	199	171	232
251	20150822	210	168	249
251	20150823	201	170	238
251	20150824	178	142	211
251	20150825	169	144	190
251	20150826	187	161	209
251	20150827	165	141	180
251	20150828	165	113	194
251	20150829	169	147	201
251	20150830	175	137	205
251	20150831	179	160	196
251	20150901	156	137	178
251	20150902	143	118	175
251	20150903	133	107	161
251	20150904	149	133	177
251	20150905	139	117	160
251	20150906	136	113	160
251	20150907	146	133	169
251	20150908	140	96	166
251	20150909	136	73	175
251	20150910	145	116	173
251	20150911	148	116	175
251	20150912	147	114	175
251	20150913	160	142	176
251	20150914	155	132	193
251	20150915	134	114	155
251	20150916	142	117	168
251	20150917	149	125	174
251	20150918	140	93	174
251	20150919	142	79	170
251	20150920	141	98	173
251	20150921	149	120	176
251	20150922	123	54	161
251	20150923	120	48	167
251	20150924	133	91	149
251	20150925	120	78	165
251	20150926	112	62	162
251	20150927	116	53	162
251	20150928	123	57	165
251	20150929	122	73	167
251	20150930	122	88	163
251	20151001	114	71	164
251	20151002	114	35	156
251	20151003	115	75	150
251	20151004	122	62	172
251	20151005	135	102	164
251	20151006	140	126	154
251	20151007	151	143	168
251	20151008	135	120	154
251	20151009	129	99	155
251	20151010	112	74	137
251	20151011	77	54	99
251	20151012	63	42	85
251	20151013	71	45	99
251	20151014	76	52	97
251	20151015	81	29	110
251	20151016	94	75	116
251	20151017	94	61	107
251	20151018	111	73	132
251	20151019	119	103	144
251	20151020	107	67	135
251	20151021	105	56	125
251	20151022	126	96	145
251	20151023	105	58	136
251	20151024	113	106	122
251	20151025	100	57	136
251	20151026	100	77	138
251	20151027	86	75	98
251	20151028	86	68	100
251	20151029	102	81	118
251	20151030	98	61	121
251	20151031	86	48	117
251	20151101	92	40	116
251	20151102	74	67	87
251	20151103	85	56	121
251	20151104	105	70	122
251	20151105	117	108	129
251	20151106	131	120	148
251	20151107	137	105	154
251	20151108	116	50	144
251	20151109	123	96	147
251	20151110	141	135	150
251	20151111	135	129	140
251	20151112	127	113	141
251	20151113	107	58	132
251	20151114	94	70	126
251	20151115	136	125	145
251	20151116	120	100	143
251	20151117	118	96	143
251	20151118	116	88	130
251	20151119	108	80	126
251	20151120	76	41	104
251	20151121	57	17	75
251	20151122	53	16	72
251	20151123	52	16	70
251	20151124	60	49	77
251	20151125	73	49	87
251	20151126	69	37	99
251	20151127	68	64	73
251	20151128	74	61	99
251	20151129	95	68	111
251	20151130	79	56	116
251	20151201	87	59	116
251	20151202	100	94	114
251	20151203	90	82	99
251	20151204	92	80	102
251	20151205	94	89	103
251	20151206	101	80	115
251	20151207	90	61	98
251	20151208	92	83	99
251	20151209	84	71	94
251	20151210	79	71	85
251	20151211	80	68	93
251	20151212	81	57	115
251	20151213	66	21	94
251	20151214	67	57	74
251	20151215	62	38	75
251	20151216	89	66	109
251	20151217	102	92	111
251	20151218	98	87	110
251	20151219	102	90	110
251	20151220	104	96	112
251	20151221	96	87	119
251	20151222	109	88	119
251	20151223	95	83	117
251	20151224	88	75	111
251	20151225	86	67	116
251	20151226	114	108	120
251	20151227	98	79	113
251	20151228	95	84	102
251	20151229	78	62	87
251	20151230	72	58	86
251	20151231	76	60	98
290	20150101	27	6	42
290	20150102	59	34	86
290	20150103	34	22	44
290	20150104	29	0	70
290	20150105	21	1	40
290	20150106	34	18	53
290	20150107	38	14	64
290	20150108	56	27	77
290	20150109	85	55	132
290	20150110	93	38	131
290	20150111	47	25	64
290	20150112	76	59	96
290	20150113	82	63	99
290	20150114	38	23	66
290	20150115	77	42	96
290	20150116	52	26	77
290	20150117	22	-13	55
290	20150118	19	4	33
290	20150119	9	2	21
290	20150120	6	-5	20
290	20150121	-10	-26	17
290	20150122	-11	-36	4
290	20150123	-14	-31	2
290	20150124	5	-15	38
290	20150125	17	-19	33
290	20150126	40	26	67
290	20150127	41	16	65
290	20150128	40	20	61
290	20150129	12	2	32
290	20150130	6	0	20
290	20150131	11	-8	27
290	20150201	9	-6	26
290	20150202	12	-9	43
290	20150203	6	-33	39
290	20150204	-15	-54	30
290	20150205	-15	-44	10
290	20150206	-14	-46	21
290	20150207	2	-68	43
290	20150208	37	9	51
290	20150209	56	46	71
290	20150210	53	43	66
290	20150211	31	-28	46
290	20150212	12	-20	28
290	20150213	36	-13	92
290	20150214	61	22	104
290	20150215	13	-11	51
290	20150216	17	-26	81
290	20150217	14	-38	53
290	20150218	7	-23	45
290	20150219	27	-2	51
290	20150220	48	17	60
290	20150221	30	2	57
290	20150222	18	-14	41
290	20150223	41	11	81
290	20150224	45	23	73
290	20150225	44	6	87
290	20150226	65	34	98
290	20150227	47	-11	87
290	20150228	42	-13	83
290	20150301	74	46	112
290	20150302	44	14	89
290	20150303	30	11	56
290	20150304	39	12	74
290	20150305	46	-1	92
290	20150306	55	31	87
290	20150307	80	33	126
290	20150308	97	35	168
290	20150309	81	33	117
290	20150310	74	-10	123
290	20150311	21	-23	86
290	20150312	44	-44	117
290	20150313	33	-20	84
290	20150314	34	-18	53
290	20150315	53	40	75
290	20150316	71	21	126
290	20150317	79	-2	164
290	20150318	73	-13	163
290	20150319	50	-13	92
290	20150320	24	-19	77
290	20150321	56	29	96
290	20150322	32	-25	77
290	20150323	40	-30	112
290	20150324	50	-31	114
290	20150325	61	42	84
290	20150326	53	34	86
290	20150327	63	27	91
290	20150328	70	-5	112
290	20150329	89	65	109
290	20150330	63	29	93
290	20150331	73	36	107
290	20150401	50	16	80
290	20150402	50	26	86
290	20150403	58	19	102
290	20150404	42	-15	94
290	20150405	50	-28	118
290	20150406	60	-10	116
290	20150407	71	-11	130
290	20150408	89	54	137
290	20150409	110	21	190
290	20150410	121	31	204
290	20150411	100	42	164
290	20150412	103	38	152
290	20150413	77	20	134
290	20150414	116	21	208
290	20150415	144	68	229
290	20150416	93	64	134
290	20150417	75	20	132
290	20150418	79	-9	149
290	20150419	77	-14	149
290	20150420	107	27	190
290	20150421	95	7	193
290	20150422	82	17	141
290	20150423	84	13	156
290	20150424	121	12	204
290	20150425	118	72	155
290	20150426	111	67	165
290	20150427	79	-4	137
290	20150428	51	-28	117
290	20150429	96	15	141
290	20150430	93	32	144
290	20150501	77	20	135
290	20150502	88	-1	154
290	20150503	132	56	188
290	20150504	155	113	197
290	20150505	159	94	245
290	20150506	122	96	173
290	20150507	111	61	159
290	20150508	132	64	190
290	20150509	138	91	170
290	20150510	127	68	178
290	20150511	177	95	252
290	20150512	145	91	207
290	20150513	120	44	185
290	20150514	99	45	149
290	20150515	95	34	158
290	20150516	84	28	141
290	20150517	107	30	167
290	20150518	116	18	173
290	20150519	102	57	147
290	20150520	97	53	152
290	20150521	108	43	171
290	20150522	142	52	205
290	20150523	117	54	155
290	20150524	125	13	197
290	20150525	124	91	169
290	20150526	104	46	145
290	20150527	134	82	178
290	20150528	121	39	168
290	20150529	115	34	171
290	20150530	101	30	160
290	20150531	131	39	189
290	20150601	124	74	168
290	20150602	155	123	188
290	20150603	141	65	183
290	20150604	155	45	219
290	20150605	227	130	319
290	20150606	164	64	211
290	20150607	136	44	206
290	20150608	114	39	184
290	20150609	116	44	169
290	20150610	154	70	219
290	20150611	173	82	241
290	20150612	207	102	278
290	20150613	190	158	223
290	20150614	148	117	177
290	20150615	127	53	185
290	20150616	98	27	156
290	20150617	152	30	218
290	20150618	149	109	191
290	20150619	119	96	157
290	20150620	120	86	150
290	20150621	135	96	174
290	20150622	116	82	155
290	20150623	114	63	142
290	20150624	144	102	201
290	20150625	183	95	246
290	20150626	201	138	253
290	20150627	176	99	225
290	20150628	168	74	220
290	20150629	187	118	247
290	20150630	201	97	266
290	20150701	250	154	319
290	20150702	272	195	361
290	20150703	245	182	300
290	20150704	265	185	343
290	20150705	205	153	298
290	20150706	185	131	241
290	20150707	214	124	286
290	20150708	158	124	184
290	20150709	125	52	177
290	20150710	151	48	224
290	20150711	205	133	279
290	20150712	172	144	202
290	20150713	169	158	195
290	20150714	182	134	231
290	20150715	179	123	221
290	20150716	196	153	250
290	20150717	231	168	296
290	20150718	181	114	237
290	20150719	158	116	198
290	20150720	180	80	236
290	20150721	211	145	260
290	20150722	193	135	252
290	20150723	172	108	225
290	20150724	191	119	257
290	20150725	154	114	209
290	20150726	150	95	215
290	20150727	160	132	192
290	20150728	154	132	200
290	20150729	135	106	166
290	20150730	139	89	193
290	20150731	134	76	193
290	20150801	157	70	233
290	20150802	179	72	246
290	20150803	239	154	322
290	20150804	170	104	199
290	20150805	182	83	250
290	20150806	223	147	316
290	20150807	208	145	267
290	20150808	183	119	230
290	20150809	179	96	236
290	20150810	173	130	212
290	20150811	192	110	255
290	20150812	191	154	229
290	20150813	218	148	276
290	20150814	212	171	266
290	20150815	200	163	260
290	20150816	151	133	163
290	20150817	147	133	157
290	20150818	141	98	168
290	20150819	156	97	222
290	20150820	171	101	241
290	20150821	187	115	254
290	20150822	200	131	259
290	20150823	203	147	255
290	20150824	190	154	244
290	20150825	162	140	200
290	20150826	211	156	263
290	20150827	161	135	195
290	20150828	153	98	211
290	20150829	168	78	240
290	20150830	198	143	252
290	20150831	227	182	293
290	20150901	156	112	192
290	20150902	131	98	184
290	20150903	126	68	184
290	20150904	133	103	175
290	20150905	126	95	169
290	20150906	126	94	160
290	20150907	141	121	178
290	20150908	132	74	170
290	20150909	120	56	181
290	20150910	137	84	186
290	20150911	139	78	193
290	20150912	155	102	211
290	20150913	171	153	191
290	20150914	157	113	201
290	20150915	128	96	170
290	20150916	153	116	179
290	20150917	149	118	170
290	20150918	137	103	184
290	20150919	134	92	178
290	20150920	130	79	174
290	20150921	142	110	183
290	20150922	124	107	148
290	20150923	131	94	176
290	20150924	127	102	162
290	20150925	121	57	167
290	20150926	99	41	169
290	20150927	104	29	167
290	20150928	116	62	170
290	20150929	107	44	163
290	20150930	112	66	171
290	20151001	95	17	165
290	20151002	99	14	177
290	20151003	110	38	187
290	20151004	120	52	185
290	20151005	141	83	191
290	20151006	150	126	181
290	20151007	148	128	175
290	20151008	134	116	150
290	20151009	124	102	155
290	20151010	95	43	131
290	20151011	56	18	104
290	20151012	43	5	84
290	20151013	34	9	53
290	20151014	41	27	46
290	20151015	63	43	75
290	20151016	67	61	76
290	20151017	73	44	90
290	20151018	63	32	77
290	20151019	80	43	118
290	20151020	85	47	126
290	20151021	95	60	117
290	20151022	112	78	138
290	20151023	105	69	150
290	20151024	112	102	129
290	20151025	95	32	138
290	20151026	105	55	149
290	20151027	95	59	156
290	20151028	81	31	114
290	20151029	110	50	150
290	20151030	97	34	148
290	20151031	91	43	150
290	20151101	74	22	155
290	20151102	44	16	89
290	20151103	67	-16	154
290	20151104	117	34	174
290	20151105	134	101	150
290	20151106	148	135	166
290	20151107	165	148	184
290	20151108	137	102	171
290	20151109	135	117	162
290	20151110	136	129	146
290	20151111	121	110	132
290	20151112	128	114	149
290	20151113	110	67	138
290	20151114	81	60	97
290	20151115	131	96	146
290	20151116	121	110	131
290	20151117	131	101	154
290	20151118	121	98	134
290	20151119	106	77	132
290	20151120	68	37	88
290	20151121	36	9	50
290	20151122	20	-6	49
290	20151123	29	-28	64
290	20151124	25	10	34
290	20151125	49	19	77
290	20151126	25	-19	83
290	20151127	41	6	67
290	20151128	58	34	73
290	20151129	91	64	120
290	20151130	83	58	119
290	20151201	85	46	114
290	20151202	104	83	114
290	20151203	91	74	103
290	20151204	87	73	99
290	20151205	74	64	82
290	20151206	95	65	114
290	20151207	101	82	115
290	20151208	106	67	137
290	20151209	69	53	102
290	20151210	55	35	74
290	20151211	60	42	78
290	20151212	65	37	111
290	20151213	59	20	107
290	20151214	70	43	103
290	20151215	62	38	82
290	20151216	103	73	124
290	20151217	132	121	147
290	20151218	118	105	136
290	20151219	123	104	140
290	20151220	121	113	131
290	20151221	104	93	120
290	20151222	122	101	138
290	20151223	101	71	128
290	20151224	100	60	133
290	20151225	92	67	129
290	20151226	126	104	140
290	20151227	113	95	127
290	20151228	92	44	122
290	20151229	79	42	106
290	20151230	66	40	96
290	20151231	70	40	101
380	20150101	20	-15	51
380	20150102	51	23	83
380	20150103	24	4	34
380	20150104	24	-2	56
380	20150105	12	-15	40
380	20150106	16	-20	49
380	20150107	30	11	58
380	20150108	61	37	90
380	20150109	94	58	135
380	20150110	98	34	138
380	20150111	44	24	62
380	20150112	75	59	86
380	20150113	84	61	107
380	20150114	40	20	76
380	20150115	82	59	101
380	20150116	55	34	77
380	20150117	21	-7	52
380	20150118	26	-1	54
380	20150119	-2	-24	13
380	20150120	6	-12	34
380	20150121	-3	-25	25
380	20150122	-7	-18	2
380	20150123	-12	-28	0
380	20150124	6	-13	28
380	20150125	12	-20	24
380	20150126	37	17	69
380	20150127	34	11	53
380	20150128	41	14	64
380	20150129	26	3	55
380	20150130	12	-3	36
380	20150131	15	-1	34
380	20150201	16	1	27
380	20150202	11	-1	23
380	20150203	8	-9	29
380	20150204	0	-41	42
380	20150205	-18	-52	0
380	20150206	-15	-34	17
380	20150207	1	-59	44
380	20150208	34	21	49
380	20150209	39	24	53
380	20150210	46	40	54
380	20150211	30	-3	67
380	20150212	29	-19	92
380	20150213	57	-4	115
380	20150214	76	53	113
380	20150215	42	-2	92
380	20150216	22	-16	76
380	20150217	28	-11	57
380	20150218	7	-23	51
380	20150219	27	-8	67
380	20150220	55	28	70
380	20150221	32	8	61
380	20150222	30	4	67
380	20150223	42	21	90
380	20150224	41	16	76
380	20150225	36	5	59
380	20150226	66	32	98
380	20150227	44	-11	79
380	20150228	42	-14	86
380	20150301	79	49	109
380	20150302	50	15	88
380	20150303	39	15	85
380	20150304	41	13	77
380	20150305	45	13	88
380	20150306	46	9	94
380	20150307	77	25	143
380	20150308	106	35	186
380	20150309	81	54	118
380	20150310	81	14	129
380	20150311	36	-18	96
380	20150312	55	-20	124
380	20150313	49	0	89
380	20150314	32	-12	67
380	20150315	47	21	64
380	20150316	56	-2	113
380	20150317	94	6	169
380	20150318	85	29	159
380	20150319	57	47	68
380	20150320	54	27	84
380	20150321	54	31	88
380	20150322	38	-3	71
380	20150323	55	-15	118
380	20150324	67	18	104
380	20150325	51	39	64
380	20150326	52	24	78
380	20150327	63	35	103
380	20150328	82	19	117
380	20150329	99	78	115
380	20150330	76	56	99
380	20150331	90	43	120
380	20150401	62	29	97
380	20150402	55	7	89
380	20150403	57	-5	101
380	20150404	51	17	89
380	20150405	55	0	105
380	20150406	49	0	100
380	20150407	72	0	131
380	20150408	72	24	113
380	20150409	120	37	190
380	20150410	144	42	225
380	20150411	106	43	139
380	20150412	107	30	163
380	20150413	99	66	137
380	20150414	143	56	217
380	20150415	170	86	238
380	20150416	115	61	182
380	20150417	91	50	138
380	20150418	81	11	140
380	20150419	89	18	154
380	20150420	121	27	190
380	20150421	125	42	207
380	20150422	92	28	158
380	20150423	103	25	166
380	20150424	147	53	218
380	20150425	128	103	162
380	20150426	129	108	157
380	20150427	85	48	110
380	20150428	70	7	129
380	20150429	94	24	142
380	20150430	80	41	106
380	20150501	85	29	137
380	20150502	106	38	154
380	20150503	139	99	174
380	20150504	159	122	207
380	20150505	164	111	225
380	20150506	120	88	154
380	20150507	121	82	168
380	20150508	150	97	198
380	20150509	153	122	185
380	20150510	149	97	200
380	20150511	195	108	263
380	20150512	163	85	210
380	20150513	136	73	200
380	20150514	116	53	167
380	20150515	122	73	172
380	20150516	100	52	138
380	20150517	122	50	184
380	20150518	130	66	200
380	20150519	103	73	156
380	20150520	99	48	152
380	20150521	118	35	183
380	20150522	148	86	206
380	20150523	133	86	198
380	20150524	140	68	200
380	20150525	128	94	172
380	20150526	118	81	165
380	20150527	138	67	191
380	20150528	142	97	185
380	20150529	116	82	168
380	20150530	112	81	155
380	20150531	141	85	186
380	20150601	129	95	174
380	20150602	160	113	199
380	20150603	153	100	195
380	20150604	174	86	239
380	20150605	239	127	332
380	20150606	168	110	211
380	20150607	150	73	212
380	20150608	136	88	188
380	20150609	125	77	175
380	20150610	162	77	228
380	20150611	196	117	262
380	20150612	216	146	298
380	20150613	182	132	231
380	20150614	173	88	236
380	20150615	151	115	209
380	20150616	127	81	182
380	20150617	166	62	227
380	20150618	153	100	194
380	20150619	125	101	156
380	20150620	134	102	172
380	20150621	163	122	222
380	20150622	114	87	135
380	20150623	129	93	167
380	20150624	152	114	211
380	20150625	188	122	240
380	20150626	212	142	259
380	20150627	186	128	240
380	20150628	195	97	254
380	20150629	203	163	252
380	20150630	223	127	291
380	20150701	273	172	349
380	20150702	280	204	382
380	20150703	260	189	325
380	20150704	282	209	350
380	20150705	214	169	292
380	20150706	199	133	255
380	20150707	219	142	299
380	20150708	158	124	199
380	20150709	145	84	197
380	20150710	170	69	244
380	20150711	217	135	300
380	20150712	165	135	203
380	20150713	168	150	183
380	20150714	181	163	211
380	20150715	194	149	237
380	20150716	219	165	286
380	20150717	260	197	313
380	20150718	204	165	258
380	20150719	178	144	220
380	20150720	193	144	230
380	20150721	214	184	257
380	20150722	208	170	251
380	20150723	180	129	229
380	20150724	205	138	258
380	20150725	149	97	197
380	20150726	150	91	216
380	20150727	162	135	203
380	20150728	149	120	176
380	20150729	148	113	194
380	20150730	133	94	185
380	20150731	141	70	202
380	20150801	176	93	247
380	20150802	201	96	276
380	20150803	259	181	338
380	20150804	177	121	233
380	20150805	206	105	273
380	20150806	247	158	324
380	20150807	224	173	282
380	20150808	195	158	233
380	20150809	188	143	218
380	20150810	193	154	232
380	20150811	207	142	263
380	20150812	215	182	260
380	20150813	234	169	309
380	20150814	211	169	259
380	20150815	171	149	208
380	20150816	148	122	172
380	20150817	132	121	153
380	20150818	143	115	192
380	20150819	167	105	218
380	20150820	192	108	253
380	20150821	201	126	269
380	20150822	208	132	266
380	20150823	196	157	271
380	20150824	183	141	238
380	20150825	166	135	202
380	20150826	220	165	274
380	20150827	153	128	209
380	20150828	156	109	210
380	20150829	189	101	254
380	20150830	241	165	312
380	20150831	228	172	315
380	20150901	156	111	185
380	20150902	135	99	191
380	20150903	131	100	177
380	20150904	130	97	181
380	20150905	124	98	167
380	20150906	119	86	153
380	20150907	131	108	162
380	20150908	134	110	158
380	20150909	146	103	199
380	20150910	138	87	197
380	20150911	141	71	200
380	20150912	165	132	215
380	20150913	166	117	206
380	20150914	151	99	199
380	20150915	134	101	176
380	20150916	159	120	190
380	20150917	145	115	173
380	20150918	144	107	188
380	20150919	134	113	166
380	20150920	125	81	172
380	20150921	132	78	178
380	20150922	118	85	165
380	20150923	114	88	132
380	20150924	133	99	181
380	20150925	125	77	176
380	20150926	109	65	166
380	20150927	105	52	170
380	20150928	107	49	170
380	20150929	115	65	174
380	20150930	113	62	172
380	20151001	97	42	157
380	20151002	102	34	176
380	20151003	119	51	193
380	20151004	130	94	177
380	20151005	137	82	167
380	20151006	163	136	191
380	20151007	138	116	154
380	20151008	118	107	133
380	20151009	114	67	152
380	20151010	103	56	124
380	20151011	72	34	125
380	20151012	55	4	116
380	20151013	35	9	49
380	20151014	33	23	40
380	20151015	36	16	51
380	20151016	59	42	75
380	20151017	69	54	87
380	20151018	77	60	106
380	20151019	90	77	102
380	20151020	93	82	114
380	20151021	95	62	119
380	20151022	112	92	136
380	20151023	110	62	137
380	20151024	114	93	139
380	20151025	105	67	127
380	20151026	107	61	159
380	20151027	126	59	206
380	20151028	110	79	149
380	20151029	115	72	156
380	20151030	99	50	144
380	20151031	85	28	153
380	20151101	91	28	173
380	20151102	79	16	150
380	20151103	110	21	209
380	20151104	137	108	175
380	20151105	143	108	175
380	20151106	155	138	171
380	20151107	171	140	188
380	20151108	149	97	184
380	20151109	142	122	173
380	20151110	127	121	137
380	20151111	116	106	125
380	20151112	128	108	153
380	20151113	112	68	134
380	20151114	85	63	101
380	20151115	131	101	151
380	20151116	117	109	126
380	20151117	140	118	156
380	20151118	129	112	142
380	20151119	105	74	130
380	20151120	74	47	96
380	20151121	32	17	50
380	20151122	20	1	49
380	20151123	16	-10	55
380	20151124	21	6	33
380	20151125	52	33	75
380	20151126	35	5	81
380	20151127	35	1	72
380	20151128	57	34	73
380	20151129	94	62	110
380	20151130	96	76	113
380	20151201	106	86	122
380	20151202	97	74	115
380	20151203	85	68	115
380	20151204	79	53	99
380	20151205	65	49	79
380	20151206	94	53	118
380	20151207	112	96	140
380	20151208	106	83	132
380	20151209	66	46	96
380	20151210	44	28	74
380	20151211	62	36	88
380	20151212	82	58	100
380	20151213	76	61	99
380	20151214	71	41	98
380	20151215	87	59	112
380	20151216	113	93	127
380	20151217	139	117	163
380	20151218	117	105	139
380	20151219	123	104	149
380	20151220	119	103	128
380	20151221	104	90	115
380	20151222	117	103	131
380	20151223	99	71	122
380	20151224	108	68	143
380	20151225	99	72	129
380	20151226	117	94	141
380	20151227	102	75	135
380	20151228	90	38	133
380	20151229	81	50	104
380	20151230	71	41	101
380	20151231	78	57	102
